92
0 277
6 253
30 234
19 222
24 232
31 207
22 295
22 203
25 327
36 392
37 248
38 357
35 204
49 224
62 232
47 305
48 275
41 390
23 198
34 234
70 361
66 401
93 159
70 239
45 202
63 335
73 82
74 239
74 86
67 210
78 307
76 399
79 267
83 189
86 39
64 370
67 224
96 316
92 48
93 122
51 286
96 223
42 267
44 257
100 344
11 260
108 379
109 253
111 280
111 252
114 89
117 179
121 304
121 3
15 252
125 50
126 210
127 145
44 253
12 253
131 334
21 294
138 253
141 282
143 364
139 246
40 281
150 226
148 115
43 266
136 221
13 252
10 285
162 326
163 338
165 297
121 225
167 248
168 380
172 0
174 49
183 273
184 91
163 226
186 357
139 247
148 208
192 232
206 260
165 234
180 203
223 234
