99
122 26
128 60
149 79
85 49
159 122
94 85
56 73
118 108
19 102
128 145
48 117
7 130
63 109
60 117
91 135
-18 101
61 154
55 150
27 198
44 152
-15 64
23 160
124 151
127 187
6 130
96 166
-1 95
66 184
-9 207
-12 158
103 181
157 245
29 197
134 229
168 116
187 149
137 194
161 218
209 130
-7 169
102 214
57 183
37 156
2 245
142 242
-12 210
170 148
203 45
76 187
163 219
16 187
176 184
115 228
192 213
215 78
206 133
208 166
171 239
226 106
66 221
231 22
97 257
90 251
214 186
220 228
91 291
246 328
251 76
238 151
198 255
259 102
261 42
64 271
228 218
270 306
253 188
271 134
63 310
280 0
280 266
277 222
281 340
286 98
37 290
264 221
301 314
302 37
302 368
296 181
309 146
315 72
316 280
316 216
322 110
331 325
331 358
341 246
345 157
355 122
