118
0 197
5 100
29 138
29 177
29 216
40 67
-1 -1
-1 -1
57 27
62 194
-1 -1
-1 -1
-1 -1
89 23
90 166
97 49
-1 -1
100 248
103 182
103 215
105 43
107 72
108 0
-1 -1
127 235
-1 -1
123 156
-1 -1
-1 -1
179 224
130 37
130 233
132 14
-1 -1
135 69
-1 -1
151 277
-1 -1
154 100
-1 -1
-1 -1
160 34
-1 -1
163 116
165 65
168 252
-1 -1
-1 -1
179 223
123 267
184 190
188 97
192 176
199 203
203 92
-1 -1
-1 -1
212 116
247 91
222 183
223 213
225 75
225 184
226 243
233 77
233 157
-1 -1
-1 -1
-1 -1
250 224
252 96
-1 -1
253 177
255 237
-1 -1
262 263
263 115
268 201
271 119
271 221
272 75
273 117
-1 -1
275 204
279 182
-1 -1
288 260
293 96
294 234
-1 -1
-1 -1
301 199
302 174
303 245
310 75
310 221
-1 -1
-1 -1
-1 -1
-1 -1
325 198
326 174
-1 -1
-1 -1
329 239
333 92
-1 -1
341 179
347 100
347 145
-1 -1
348 213
349 124
360 161
365 153
366 174
368 118
378 140
