73
37 113
0 137
15 124
62 123
57 98
12 160
53 16
68 72
19 183
38 136
46 33
42 83
51 104
36 160
60 32
66 29
66 124
89 75
63 11
60 50
37 208
73 96
79 37
84 19
59 154
68 72
79 54
54 186
61 216
102 21
90 56
90 78
95 115
73 130
97 39
137 58
112 94
91 197
117 126
155 77
130 78
124 201
141 171
127 113
133 140
147 55
143 97
125 218
156 78
150 119
193 137
157 205
152 128
165 38
175 171
164 143
169 62
177 81
178 117
184 199
152 240
161 147
205 176
191 65
188 160
222 153
213 204
220 129
233 179
237 226
249 136
256 164
259 198
