113
42 69
41 64
59 58
56 61
42 32
41 53
44 55
78 81
41 39
43 38
45 44
89 74
48 44
72 71
70 136
104 30
74 76
101 33
71 26
97 16
61 141
45 127
95 19
77 9
82 111
46 133
93 104
76 35
74 37
86 51
100 49
84 9
100 103
87 13
105 52
85 6
91 51
84 41
84 14
80 124
34 133
87 39
21 129
30 133
89 114
97 133
91 128
20 124
91 114
97 92
96 79
14 119
98 118
103 133
10 119
98 101
96 147
14 114
16 102
18 114
102 86
94 129
112 136
93 133
110 143
84 88
157 128
127 140
92 93
99 143
162 126
122 149
111 148
136 137
80 148
149 91
155 107
81 155
101 80
158 109
99 73
142 144
134 171
107 72
131 159
69 160
113 61
128 160
132 167
64 157
111 67
97 167
117 57
90 172
128 29
127 167
134 171
124 169
120 165
120 160
120 48
117 48
51 159
46 159
129 39
96 151
110 161
134 42
88 150
105 166
35 157
37 160
24 153
