113
2 40
1 45
17 52
13 52
17 43
11 49
10 53
65 6
23 45
24 43
20 50
76 2
22 52
30 44
26 48
116 29
36 42
119 26
100 0
113 10
19 43
0 46
117 11
136 0
52 35
5 48
63 30
107 7
110 6
94 12
116 10
130 4
67 34
126 8
114 5
128 2
98 9
104 16
127 11
43 45
15 48
105 20
2 40
14 52
80 43
61 40
46 56
1 46
82 44
82 23
87 13
10 47
92 47
43 69
14 45
87 31
54 53
13 51
4 42
9 52
78 17
90 57
51 74
92 53
66 63
122 64
37 96
65 82
122 72
83 59
36 102
73 76
81 70
55 81
106 73
1 104
17 103
99 74
136 68
20 105
143 67
60 90
64 99
129 63
72 91
104 86
121 72
70 94
68 101
108 91
127 69
101 83
121 77
109 78
133 82
65 98
56 99
65 102
73 112
70 116
125 85
122 86
103 105
102 109
135 91
96 97
83 109
138 95
103 99
86 115
95 117
92 115
95 127
