96
6 80
14 134
11 91
17 138
20 84
16 144
25 79
20 146
24 131
25 89
25 135
29 127
30 131
51 81
45 110
50 115
52 145
56 151
27 26
59 142
54 93
70 116
53 56
17 27
33 33
48 34
70 155
63 59
72 146
24 35
70 76
68 83
69 66
72 57
70 14
72 11
76 74
74 82
78 65
70 18
66 27
82 74
80 82
73 20
69 30
83 66
76 20
86 63
86 70
88 74
86 82
89 66
145 140
151 141
94 74
92 81
95 65
146 146
95 14
101 67
99 58
99 74
98 80
89 38
121 115
99 22
105 62
155 155
105 72
100 74
148 155
96 6
104 51
102 14
111 79
151 14
120 60
120 77
125 94
141 30
149 21
131 80
129 94
137 38
135 88
138 93
141 38
139 92
142 97
143 82
141 47
147 84
148 81
152 81
152 52
154 57
