92
101 280
117 299
141 212
109 260
84 233
126 269
118 303
109 218
162 245
186 193
138 276
156 213
102 283
124 294
132 244
138 265
109 271
71 396
96 265
128 246
102 369
198 223
84 253
104 272
124 279
133 238
137 227
108 270
148 219
134 284
108 258
41 376
88 247
109 273
119 186
168 231
153 269
110 309
106 230
108 224
81 279
129 253
63 220
57 298
101 335
36 203
74 358
105 276
114 253
128 277
122 187
84 249
137 307
98 105
35 317
100 152
104 274
68 217
49 269
75 251
106 303
39 238
120 251
128 279
104 335
174 268
65 292
132 278
80 183
68 218
167 293
18 275
51 273
113 334
133 320
124 307
150 256
149 256
134 333
127 62
129 112
144 285
111 152
169 265
162 326
157 284
177 239
149 286
120 297
182 269
209 247
145 316
