99
241 225
242 191
133 159
219 187
126 202
199 191
204 152
166 186
128 138
134 164
97 147
154 154
169 165
77 89
170 148
148 117
76 126
131 146
188 123
113 103
155 154
150 119
136 158
169 148
183 130
113 120
149 121
149 116
219 143
159 153
172 144
207 172
181 139
209 144
170 104
142 130
189 114
184 157
162 108
217 111
206 147
156 117
184 97
259 142
202 132
222 151
198 118
196 56
229 119
212 142
193 134
175 146
155 127
161 177
197 91
176 146
196 119
188 158
212 143
194 113
160 49
179 145
180 149
141 149
181 201
208 128
177 122
168 70
210 146
209 181
191 170
133 74
209 130
174 160
177 155
174 159
176 140
238 143
110 113
155 122
196 128
145 141
154 109
237 111
184 126
150 174
154 110
171 165
138 142
152 110
174 141
180 150
174 159
136 143
150 142
183 136
137 156
138 144
146 109
