118
89 167
11 103
55 114
56 153
65 191
42 68
80 95
117 99
84 81
93 162
99 122
83 79
96 122
122 21
131 147
73 37
133 113
162 116
189 175
176 146
127 47
127 77
122 51
52 116
232 123
110 79
166 151
288 173
130 148
255 176
133 71
194 118
150 54
209 144
138 104
237 158
268 150
187 120
160 133
129 117
227 115
150 96
231 125
143 183
159 125
244 131
153 115
159 149
214 140
258 108
183 154
128 156
168 146
143 161
78 141
133 143
42 159
104 139
57 147
140 132
83 118
50 138
100 93
53 114
65 142
114 119
81 151
58 163
83 127
72 90
110 75
86 126
85 118
108 72
92 99
135 69
104 142
101 94
75 106
114 95
126 99
104 105
113 113
98 88
96 94
89 120
116 86
108 76
91 80
87 130
105 135
83 110
108 114
91 118
106 48
103 97
86 129
122 129
100 104
150 124
101 125
86 106
103 138
103 116
118 118
109 76
125 121
87 90
126 122
85 125
108 98
114 151
103 116
101 113
102 115
89 115
113 98
120 121
