73
69 188
68 232
65 212
84 165
95 187
47 219
132 162
146 202
20 182
68 186
134 160
111 161
120 182
45 195
144 150
147 173
86 161
142 181
129 176
134 182
15 152
115 159
150 169
137 155
95 189
139 160
134 163
67 173
38 163
155 157
132 155
161 168
143 162
118 174
145 141
198 143
159 141
193 65
166 154
199 168
179 153
162 78
144 107
177 157
160 134
221 160
198 167
166 35
215 184
180 181
133 83
137 55
148 161
246 166
117 88
137 112
222 165
202 167
129 140
105 35
168 69
153 56
96 64
209 147
143 84
110 88
76 41
92 104
86 72
55 16
74 127
84 100
82 40
