88
20 18
37 6
34 22
54 44
61 23
20 10
13 25
32 57
26 26
38 27
64 0
52 4
0 44
55 23
16 35
20 28
60 32
30 51
51 3
45 62
50 33
27 64
34 41
43 41
34 19
20 24
75 30
44 20
44 42
39 42
47 28
69 45
47 22
11 47
11 42
54 29
24 25
77 59
46 30
53 38
41 39
45 70
60 14
47 47
30 33
49 16
36 36
65 65
42 13
46 51
42 43
63 21
74 12
21 51
35 56
25 17
51 37
4 29
23 24
22 27
31 28
9 43
47 16
22 35
30 36
12 49
38 47
34 53
1 36
33 50
53 38
57 48
53 43
31 40
36 49
79 35
10 51
17 31
17 55
41 33
84 58
55 63
34 57
27 46
81 57
18 29
70 38
7 45
