113
39 32
41 37
57 47
53 50
43 69
47 47
49 43
106 133
48 64
49 66
49 57
97 143
46 57
67 65
48 130
71 26
67 71
75 25
59 171
76 9
39 133
24 150
80 11
101 7
78 131
24 144
83 119
70 169
70 172
88 164
77 41
94 10
82 112
90 14
74 45
92 8
88 159
80 172
90 18
63 129
15 138
84 173
22 127
12 135
95 100
82 118
76 133
19 122
93 101
92 77
86 66
23 114
102 98
89 136
28 114
97 84
95 123
18 112
19 101
20 115
95 67
101 107
98 138
100 111
104 132
110 63
140 120
115 143
108 72
94 121
143 115
107 136
98 132
124 139
82 120
150 94
159 109
76 115
123 70
162 111
131 70
128 131
150 153
127 62
143 163
89 112
126 48
140 161
148 157
94 109
121 59
116 144
121 48
109 142
112 26
136 168
136 161
134 171
158 148
163 146
119 39
116 39
99 124
100 129
122 27
132 143
148 148
128 26
128 137
148 141
96 137
93 138
105 141
