96
5 80
17 131
10 92
15 126
17 78
19 146
19 85
14 147
25 128
13 78
25 132
32 130
30 134
46 77
50 111
52 118
50 145
57 146
20 11
55 151
58 90
72 122
51 49
11 7
30 15
44 23
71 152
59 54
65 144
21 11
83 83
75 84
65 60
67 58
73 8
75 5
89 84
81 83
72 66
70 11
63 18
87 79
85 87
73 13
66 21
75 70
76 15
79 72
79 73
82 76
88 82
80 68
142 144
146 146
87 79
94 79
84 65
138 148
99 11
90 65
92 65
93 77
99 77
85 35
119 108
99 20
91 58
155 155
97 73
102 72
149 150
95 5
99 52
101 12
110 78
155 6
122 58
120 75
114 80
145 25
155 15
130 81
116 77
142 35
135 88
141 86
147 35
139 83
136 88
144 81
147 44
148 79
149 82
153 80
153 54
155 60
